The value of timeLoop->timeStepSize is: 1.000000000000e-02
The value of minnewdt1_ is: 0.000000000000e+00
Assemble: r(x^k) = dS/dt + div F - q;   M = grad rSubcritical values: Be aware to use Tables with sufficient resolution!
Newton iteration  1 done, maximum relative shift = 3.228e-05, residual reduction 1->1.63505@lambda=0.125
Newton iteration  2 done, maximum relative shift = 2.867e-05, residual reduction 1.63505->606.372@lambda=0.125
Newton iteration  3 done, maximum relative shift = 2.363e-05, residual reduction 606.372->134960@lambda=0.125
Newton iteration  4 done, maximum relative shift = 1.163e-03, residual reduction 134960->186313@lambda=0.125
Newton iteration  5 done, maximum relative shift = 9.422e-01, residual reduction 186313->201371@lambda=0.125
Solve: M deltax^k = rSingular matrix detected at row 6
Current matrix state:
1.337e+03 1.855e+03 1.539e+08 -1.977e+07 2.283e+08 2.283e+08 2.277e+08 2.283e+08 2.283e+08 2.283e+08 2.283e+08 2.283e+08 2.283e+08 2.283e+08 2.283e+08 1.194e+12 -6.138e+02 -6.138e+02 -6.138e+02 -6.138e+02 -6.138e+02 -6.138e+02
2.256e-06 6.572e+03 -2.491e+03 -1.021e+03 -2.701e+03 -2.701e+03 -2.700e+03 -2.701e+03 -2.701e+03 -2.701e+03 -2.701e+03 -2.701e+03 -2.701e+03 -2.701e+03 -2.701e+03 -2.701e+06 -2.354e+03 -2.354e+03 -2.354e+03 -2.354e+03 -2.354e+03 -2.354e+03
1.022e-04 -8.243e-01 -6.357e+06 -1.694e+08 -2.544e+04 -2.544e+04 -2.538e+04 -2.544e+04 -2.544e+04 -2.544e+04 -2.544e+04 -2.544e+04 -2.544e+04 -2.544e+04 -2.544e+04 -1.242e+08 -5.679e+03 -5.679e+03 -5.679e+03 -5.679e+03 -5.679e+03 -5.679e+03

0.000e+00 0.000e+00 -1.573e-07 -2.664e+01 -4.002e-03 -4.002e-03 -3.992e-03 -4.002e-03 -4.002e-03 -4.002e-03 -4.002e-03 -4.002e-03 -4.002e-03 -4.002e-03 -4.002e-03 -1.955e+01 -8.934e-04 -8.934e-04 -8.934e-04 -8.934e-04 -8.934e-04 -8.934e-04
-1.119e-11 -1.002e-07 8.389e-11 -5.054e-04 2.064e+03 1.526e-03 1.519e-03 1.526e-03 1.526e-03 1.526e-03 1.526e-03 1.526e-03 1.526e-03 1.526e-03 1.526e-03 1.309e+01 -1.785e-05 -1.785e-05 -1.785e-05 -1.785e-05 -1.785e-05 -1.785e-05
-1.119e-11 -1.018e-07 8.450e-11 -5.092e-04 7.371e-07 2.064e+03 1.515e-03 1.521e-03 1.521e-03 1.521e-03 1.521e-03 1.521e-03 1.521e-03 1.521e-03 1.521e-03 1.308e+01 -1.813e-05 -1.813e-05 -1.813e-05 -1.813e-05 -1.813e-05 -1.813e-05
-1.119e-11 -4.417e-08 6.198e-11 -3.682e-04 8.123e-07 8.123e-07 1.670e-03 2.064e+03 1.677e-03 1.677e-03 1.677e-03 1.677e-03 1.677e-03 1.677e-03 1.677e-03 1.323e+01 -7.823e-06 -7.823e-06 -7.823e-06 -7.823e-06 -7.823e-06 -7.823e-06
0.000e+00 0.000e+00 -0.000e+00 -3.753e-02 -7.277e-08 -7.277e-08 -1.498e-04 -1.502e-04 -1.502e-04 -1.502e-04 -1.502e-04 -1.502e-04 -1.502e-04 -1.502e-04 -1.502e-04 -7.336e-01 -3.353e-05 -3.353e-05 -3.353e-05 -3.353e-05 -3.353e-05 -3.353e-05
-1.119e-11 -1.018e-07 8.450e-11 -5.092e-04 7.371e-07 7.371e-07 1.515e-03 1.521e-03 2.064e+03 1.521e-03 1.521e-03 1.521e-03 1.521e-03 1.521e-03 1.521e-03 1.308e+01 -1.813e-05 -1.813e-05 -1.813e-05 -1.813e-05 -1.813e-05 -1.813e-05
-1.119e-11 -1.018e-07 8.450e-11 -5.092e-04 7.371e-07 7.371e-07 1.515e-03 1.521e-03 1.521e-03 2.064e+03 1.521e-03 1.521e-03 1.521e-03 1.521e-03 1.521e-03 1.308e+01 -1.812e-05 -1.812e-05 -1.812e-05 -1.812e-05 -1.812e-05 -1.812e-05
-1.119e-11 -1.018e-07 8.450e-11 -5.092e-04 7.371e-07 7.371e-07 1.515e-03 1.521e-03 1.521e-03 1.521e-03 2.064e+03 1.521e-03 1.521e-03 1.521e-03 1.521e-03 1.308e+01 -1.813e-05 -1.813e-05 -1.813e-05 -1.813e-05 -1.813e-05 -1.813e-05
-1.119e-11 -1.018e-07 8.450e-11 -5.092e-04 7.371e-07 7.371e-07 1.515e-03 1.521e-03 1.521e-03 1.521e-03 1.521e-03 2.064e+03 1.521e-03 1.521e-03 1.521e-03 1.308e+01 -1.812e-05 -1.812e-05 -1.812e-05 -1.812e-05 -1.812e-05 -1.812e-05
-1.119e-11 -1.017e-07 8.448e-11 -5.091e-04 7.372e-07 7.372e-07 1.515e-03 1.522e-03 1.522e-03 1.522e-03 1.522e-03 1.522e-03 2.064e+03 1.522e-03 1.522e-03 1.308e+01 -1.812e-05 -1.812e-05 -1.812e-05 -1.812e-05 -1.812e-05 -1.812e-05
-1.119e-11 -1.018e-07 8.450e-11 -5.092e-04 7.371e-07 7.371e-07 1.515e-03 1.521e-03 1.521e-03 1.521e-03 1.521e-03 1.521e-03 1.521e-03 2.064e+03 1.521e-03 1.308e+01 -1.812e-05 -1.812e-05 -1.812e-05 -1.812e-05 -1.812e-05 -1.812e-05
-1.119e-11 -1.018e-07 8.447e-11 -5.090e-04 7.373e-07 7.373e-07 1.515e-03 1.522e-03 1.522e-03 1.522e-03 1.522e-03 1.522e-03 1.522e-03 1.522e-03 2.064e+03 1.308e+01 -1.815e-05 -1.815e-05 -1.815e-05 -1.815e-05 -1.815e-05 -1.815e-05
0.000e+00 0.000e+00 -0.000e+00 -0.000e+00 0.000e+00 0.000e+00 0.000e+00 0.000e+00 0.000e+00 0.000e+00 0.000e+00 0.000e+00 0.000e+00 0.000e+00 0.000e+00 1.000e+00 0.000e+00 0.000e+00 0.000e+00 0.000e+00 0.000e+00 0.000e+00
0.000e+00 0.000e+00 -0.000e+00 -0.000e+00 0.000e+00 0.000e+00 0.000e+00 0.000e+00 0.000e+00 0.000e+00 0.000e+00 0.000e+00 0.000e+00 0.000e+00 0.000e+00 0.000e+00 3.646e+03 0.000e+00 0.000e+00 0.000e+00 0.000e+00 0.000e+00
0.000e+00 0.000e+00 -0.000e+00 -0.000e+00 0.000e+00 0.000e+00 0.000e+00 0.000e+00 0.000e+00 0.000e+00 0.000e+00 0.000e+00 0.000e+00 0.000e+00 0.000e+00 0.000e+00 0.000e+00 3.120e+01 0.000e+00 0.000e+00 0.000e+00 0.000e+00
0.000e+00 0.000e+00 -0.000e+00 -0.000e+00 0.000e+00 0.000e+00 0.000e+00 0.000e+00 0.000e+00 0.000e+00 0.000e+00 0.000e+00 0.000e+00 0.000e+00 0.000e+00 0.000e+00 0.000e+00 0.000e+00 4.217e+03 0.000e+00 0.000e+00 0.000e+00
0.000e+00 0.000e+00 -0.000e+00 -0.000e+00 0.000e+00 0.000e+00 0.000e+00 0.000e+00 0.000e+00 0.000e+00 0.000e+00 0.000e+00 0.000e+00 0.000e+00 0.000e+00 0.000e+00 0.000e+00 0.000e+00 0.000e+00 1.477e+03 0.000e+00 0.000e+00
0.000e+00 0.000e+00 -0.000e+00 -0.000e+00 0.000e+00 0.000e+00 0.000e+00 0.000e+00 0.000e+00 0.000e+00 0.000e+00 0.000e+00 0.000e+00 0.000e+00 0.000e+00 0.000e+00 0.000e+00 0.000e+00 0.000e+00 0.000e+00 5.539e+01 0.000e+00
0.000e+00 0.000e+00 -0.000e+00 -0.000e+00 0.000e+00 0.000e+00 0.000e+00 0.000e+00 0.000e+00 0.000e+00 0.000e+00 0.000e+00 0.000e+00 0.000e+00 0.000e+00 0.000e+00 0.000e+00 0.000e+00 0.000e+00 0.000e+00 0.000e+00 2.675e+01
Newton: Caught exception: "MatrixBlockError [bilu0_decomposition:/home/janewendu/du2024/dune-istl/dune/istl/ilu.hh:88]: ILU failed to invert matrix block A[0][0]FMatrixError [luDecomposition:/home/janewendu/du2024/dune-common/dune/common/densematrix.hh:920]: matrix is singular"
Newton solver did not converge with dt = 1.000e-02 seconds. Retrying with time step of 5.000e-03 seconds
Assemble: r(x^k) = dS/dt + div F - q;   M = grad r^Z
[13]+  Stopped                 ./columnleobox leo_column1.input