
EICP Column Injection strategy

injectionEnd: end times of the injections. time in hours!
injectionType: specifies the type of injection during the corresponding episode:
-90, -91, -92, -93, -94, no flow, measurement time points
-999: no flow over night,
1: calcium und urea,
2: enzyme,
-1: spacer composed of NH4Cl

!!do NOT remove the # after the input data!
injectionEnd [s], injectionType

EndTimes
3600
7200 
10800
14400
18000
138600
140400
144000
147600
149400
156600
158400
162000
165600
167400
311400
313200
316800
320400
322200
329400
331200
334800
338400
340200
392400
396000
399600
403200
433800
435600
439200
442800
446400
450000
451800
486000
489600
493200
496800
504000
507600
511200
514800
525600
529200
532800
536400
657000
658800
662400
666000
667800
675000
676800
680400
684000
824400
828000
831600
835200
838800
842400
847800
849600
853200
856800
1002600.01
1004400.015
1006200.02
1008000.025
1009800.03
1011600.035
1013400.04
1020600.06
1022400.065
1024200.07
1026000.075
1027800.08
1029600.085
1031400.09
1175400.01
1177200.015
1179000.02
1180800.025
1182600.03
1184400.035
1186200.04
1193400.06
1195200.065
1197000.07
1198800.075
1200600.08
1202400.085
1204200.09
1348200.01
1350000.015
1351800.02
1353600.025
1355400.03
1357200.035
1359000.04
1366200.06
1368000.065
1369800.07
1371600.075
1373400.08
1375200.085
1377000.09
1521000.01
1522800.015
1524600.02
1526400.025
1528200.03
1530000.035
1531800.04
1539000.06
1540800.065
1542600.07
1544400.075
1546200.08
1548000.085
1549800.09
1693800
1695600
1697400
1699200
1701000
1702800
1704600
1711800
1713600
1715400
1717200
1719000
1720800
1722600
1866600
1868400
1870200
1872000
1873800
1875600
1877400
1884600
1886400
1888200
1890000
1891800
1893600
1895400
2039400
2041200
2043000
2044800
2046600
2048400
2050200
2057400
2059200
2061000
2062800
2064600
2066400
2068200
2212200
2214000
2215800
2217600
2219400
2221200
2223000
2230200
2232000
2233800
2235600
2237400
2239200
2241000
2385000
2386800
2388600
2390400
2392200
2394000
2395800
2403000
2404800
2406600
2408400
2410200
2412000
2413800
2557800
2559600
2561400
2563200
2565000
2566800
2568600
2575800
2577600
2579400
2581200
2583000
2584800
2586600
2730600
2732400
2734200
2736000
2737800
2739600
2741400
2748600
2750400
2752200
2754000
2755800
2757600
2759400
2901600
2905200
2908800
2912400
2916000
2919600
3040200
3042000
3045600
3049200
3051000
3058200
3060000
3063600
3067200
3069000
3213000
3214800
3218400
3222000
3223800
3231000
3232800
3236400
3240000
3241800
3294000
3297600
3301200
3304800
3335400
3337200
3340800
3344400
3348000
3351600
3353400
3387600
3391200
3394800
3398400
3405600
3409200
3412800
3416400
3427200
3430800
3434400
3438000
3558600
3560400
3564000
3567600
3569400
3576600
3578400
3582000
3585600
3726000
3729600
3733200
3736800
3740400
3744000
3749400
3751200
3754800
3758400
3904200.011
3906000.014
3907800.022
3909600.025
3911400.029
3913200.036
3915000.04
3922200.061
3924000.065
3925800.068
3927600.076
3929400.079
3931200.086
3933000.09
4077000.011
4078800.014
4080600.022
4082400.025
4084200.029
4086000.036
4087800.04
4095000.061
4096800.065
4098600.068
4100400.076
4102200.079
4104000.086
4105800.09
4249800.011
4251600.014
4253400.022
4255200.025
4257000.029
4258800.036
4260600.04
4267800.061
4269600.065
4271400.068
4273200.076
4275000.079
4276800.086
4278600.09
4422600.011
4424400.014
4426200.022
4428000.025
4429800.029
4431600.036
4433400.04
4440600.061
4442400.065
4444200.068
4446000.076
4447800.079
4449600.086
4451400.09
4595400
4597200
4599000
4600800
4602600
4604400
4606200
4613400
4615200
4617000
4618800
4620600
4622400
4624200
4768200
4770000
4771800
4773600
4775400
4777200
4779000
4786200
4788000
4789800
4791600
4793400
4795200
4797000
4941000
4942800
4944600
4946400
4948200
4950000
4951800
4959000
4960800
4962600
4964400
4966200
4968000
4969800
5113800
5115600
5117400
5119200
5121000
5122800
5124600
5131800
5133600
5135400
5137200
5139000
5140800
5142600
5286600
5288400
5290200
5292000
5293800
5295600
5297400
5304600
5306400
5308200
5310000
5311800
5313600
5315400
5459400
5461200
5463000
5464800
5466600
5468400
5470200
5477400
5479200
5481000
5482800
5484600
5486400
5488200
5632200
5634000
5635800
5637600
5639400
5641200
5643000
5650200
5652000
5653800
5655600
5657400
5659200
5661000
6048000
#

InjectionTypes
0.01457639
0.01495912
0.01595419
0.01625199
0.01358548
0
0.01597112
0.01447501
0.0134339
0.01097878
0
0.01342726
0.015915
0.01522378
0.0108776
0
0.01375644
0.01330626
0.01163863
0.00641245
0
0.00313665
0.01069525
0.01053402
0.00433695
0
0.02861679
0.00843263
0.00345909
0
0.00299121
0.00631363
0.00800315
0.00528201
0.00246645
0.00267403
0
0.00962028
0.01077164
0.03354783
0
0.00861398
0.00676483
0.02831585
0
0.00568727
0.00375217
0.00350562
0
0.01447475
0.01317157
0.01103003
0.00872319
0
0.00606538
0.0096206
0.00914278
0
0.00379451
0.00319509
0.01322041
0.01169859
0.00902263
0
0.00234143
0.0100853
0.00713563
0
0.01285215
0.01246255
0.01310488
0.01346149
0.01333698
0.0083
0
0.01400741
0.01421167
0.01477191
0.0150784
0.01486543
0.01441579
0
0.01376628
0.0136364
0.01339396
0.01259529
0.0130212
0.01326496
0
0.01228458
0.0137694
0.01380199
0.01324526
0.01332253
0.01294672
0
0.01441587
0.01435133
0.0145799
0.01504114
0.01360844
0.01391971
0
0.01402128
0.01559478
0.01636092
0.01675578
0.01652568
0.01653604
0
0.01370474
0.01251719
0.0130164
0.01355053
0.01341803
0.01328126
0
0.01389614
0.01422361
0.01584624
0.01437491
0.01406688
0.01231408
0
0.01348593
0.01151157
0.01071969
0.01010591
0.00950386
0.00950386
0
0.00836951
0.00905464
0.00920574
0.01089692
0.01201118
0.01201118
0
0.01449955
0.01423062
0.01475479
0.01536775
0.016183
0.016183
0
0.01583731
0.01751546
0.01882124
0.01836145
0.01869346
0.01869346
0
0.01543053
0.01574949
0.01535353
0.01447275
0.01425785
0.01425785
0
0.0144262
0.01639525
0.017319
0.01728979
0.01793545
0.01793545
0
0.01481205
0.01490523
0.01465661
0.01435426
0.01451669
0.01451669
0
0.01553825
0.01662896
0.0184945
0.01800253
0.01702208
0.01702208
0
0.01529682
0.01519965
0.01529665
0.01520974
0.0152495
0.01600132
0
0.01553584
0.0162026
0.01620192
0.01680182
0.01533286
0.01534179
0
0.01096003
0.01072064
0.01036473
0.01053123
0.01079962
0.01079962
0
0.00867205
0.00908237
0.00938039
0.01151591
0.0114785
0.0114785
0
0.01357806
0.01278559
0.01219247
0.01068994
0.01348923
0.01348923
0
0.01271223
0.00741518
0.00831022
0.00763911
0.010945
0.010945
0
0.01457639
0.01495912
0.01595419
0.01625199
0.01358548
0
0.01597112
0.01447501
0.0134339
0.01097878
0
0.01342726
0.015915
0.01522378
0.0108776
0
0.01375644
0.01330626
0.01163863
0.00641245
0
0.00313665
0.01069525
0.01053402
0.00433695
0
0.02861679
0.00843263
0.00345909
0
0.00299121
0.00631363
0.00800315
0.00528201
0.00246645
0.00267403
0
0.00962028
0.01077164
0.03354783
0
0.00861398
0.00676483
0.02831585
0
0.00568727
0.00375217
0.00350562
0
0.01447475
0.01317157
0.01103003
0.00872319
0
0.00606538
0.0096206
0.00914278
0
0.00379451
0.00319509
0.01322041
0.01169859
0.00902263
0
0.00234143
0.0100853
0.00713563
0
0.01285215
0.01246255
0.01310488
0.01346149
0.01333698
0.0083
0
0.01400741
0.01421167
0.01477191
0.0150784
0.01486543
0.01441579
0
0.01376628
0.0136364
0.01339396
0.01259529
0.0130212
0.01326496
0
0.01228458
0.0137694
0.01380199
0.01324526
0.01332253
0.01294672
0
0.01441587
0.01435133
0.0145799
0.01504114
0.01360844
0.01391971
0
0.01402128
0.01559478
0.01636092
0.01675578
0.01652568
0.01653604
0
0.01370474
0.01251719
0.0130164
0.01355053
0.01341803
0.01328126
0
0.01389614
0.01422361
0.01584624
0.01437491
0.01406688
0.01231408
0
0.01348593
0.01151157
0.01071969
0.01010591
0.00950386
0.00950386
0
0.00836951
0.00905464
0.00920574
0.01089692
0.01201118
0.01201118
0
0.01449955
0.01423062
0.01475479
0.01536775
0.016183
0.016183
0
0.01583731
0.01751546
0.01882124
0.01836145
0.01869346
0.01869346
0
0.01543053
0.01574949
0.01535353
0.01447275
0.01425785
0.01425785
0
0.0144262
0.01639525
0.017319
0.01728979
0.01793545
0.01793545
0
0.01481205
0.01490523
0.01465661
0.01435426
0.01451669
0.01451669
0
0.01553825
0.01662896
0.0184945
0.01800253
0.01702208
0.01702208
0
0.01529682
0.01519965
0.01529665
0.01520974
0.0152495
0.01600132
0
0.01553584
0.0162026
0.01620192
0.01680182
0.01533286
0.01534179
0
0.01096003
0.01072064
0.01036473
0.01053123
0.01079962
0.01079962
0
0.00867205
0.00908237
0.00938039
0.01151591
0.0114785
0.0114785
0
0.01357806
0.01278559
0.01219247
0.01068994
0.01348923
0.01348923
0
0.01271223
0.00741518
0.00831022
0.00763911
0.010945
0.010945
0
#
